
avg =

    0.0215    0.3500    0.5803    0.9321
   -0.0282    0.0194   -0.0311    0.0398


variance =

    0.0804    0.0696    0.0937    0.1030
    0.1019    0.0789    0.0800    0.1028

