
rxy_p =

  -4.7360e-04

