
rxy =

   2.9421e-17

