
rxy_p =

    0.0057

