
rxy_p =

    0.0022

