
rxy =

    0.0040

